CUST NO. 	XCOORD.	 YCOORD. 	D1	D2	D3	D4	READY TIME
1	121.24	31.35	20	33	50	78	(80, 200)
2	121.42	31.35	30	59	87	117	(80, 200)
3	121.46	31.2	10	4	15	30	(80, 200)
4	121.49	31.31	40	47	40	35	(80, 200)
5	121.31	30.89	20	26	19	35	(80, 200)
6	121.21	30.89	20	16	42	67	(80, 200)
7	121.31	30.88	20	11	41	69	(80, 200)
8	121.21	31.27	10	27	46	47	(80, 200)
9	121.47	30.89	20	20	12	42	(80, 200)
10	121.58	31.12	30	34	53	59	(80, 200)
11	121.35	30.89	40	42	65	81	(80, 200)
12	121.22	31.32	20	32	48	56	(80, 200)
13	121.47	31.23	10	24	30	29	(80, 200)
14	121.17	30.89	10	39	62	57	(80, 200)
15	121.22	30.86	20	23	21	38	(80, 200)
16	121.16	30.9	20	49	51	57	(80, 200)
17	121.32	30.88	20	32	43	52	(80, 200)
18	121.26	31.31	20	40	32	42	(80, 200)
19	121.31	31.26	40	33	38	54	(80, 200)
20	121.71	31.02	10	18	27	44	(80, 200)
21	121.24	30.89	10	11	5	30	(80, 200)
22	121.25	30.89	40	41	71	99	(80, 200)
23	121.3	30.88	30	54	59	58	(80, 200)
24	121.48	31.23	10	14	34	27	(80, 200)
25	121.24	30.76	20	16	9	16	(80, 200)
26	121.71	31.26	30	40	42	70	(80, 200)
27	121.77	31.05	20	36	57	83	(80, 200)
28	121.4	31.35	10	16	11	8	(80, 200)
29	121.75	31.04	10	4	11	7	(80, 200)
30	121.76	31.05	20	34	56	66	(80, 200)
31	121.33	31.45	10	3	24	17	(80, 200)
32	121.33	31.36	10	26	24	50	(80, 200)
33	121.34	31.46	30	57	84	80	(80, 200)
34	131.49	31.21	20	36	59	60	(80, 200)
35	131.55	31.2	40	44	46	74	(80, 200)
36	121.19	31.03	10	38	39	39	(80, 200)
37	121.47	31.25	30	40	51	45	(80, 200)
38	121.12	31.12	10	57	12	40	(80, 200)
39	121.45	31.34	30	33	29	21	(80, 200)
40	121.46	31.62	20	40	35	47	(80, 200)
41	121.33	30.73	10	39	34	52	(80, 200)
42	121.67	31.22	20	27	34	30	(80, 200)
43	121.67	31.24	10	20	13	6	(80, 200)
44	121.68	31.24	10	26	33	60	(80, 200)
45	121.66	31.25	10	21	25	39	(80, 200)
46	121.65	31.24	10	35	46	74	(80, 200)
47	121.58	31.27	10	16	9	23	(80, 200)
48	121.52	31.15	10	44	23	33	(80, 200)
49	121.44	31.25	10	19	40	51	(80, 200)
50	121.58	31.26	30	39	46	45	(80, 200)
51	121.52	31.12	19	15	24	14	(80, 200)
52	121.42	31.2	30	30	32	45	(80, 200)
53	121.44	31.33	50	67	89	110	(80, 200)
54	121.35	31.28	16	16	22	23	(80, 200)
55	121.33	31.08	16	46	67	78	(80, 200)
56	121.49	31.09	19	49	78	96	(80, 200)
