samll-scale Instance	Parameter					
	[e,l]	P	Q	rou	c	d
S5×2c1 	80, 200	5	2	1	3	1
S5×2c2	80, 200	5	2	2	4	2
S5×2c3	80, 200	5	2	3	5	3
S5×2c4	80, 200	5	2	4	6	4
S5×2c5	80, 200	5	2	1	7	1
S5×2c6	80, 200	5	2	2	8	2
S5×2c7	80, 200	5	2	3	9	3
S5×2c8	80, 200	5	2	4	10	4
S5×2c9	80, 200	5	2	1	11	1
S5×2c10	80, 200	5	2	2	12	2
S6×3c11	80, 200	6	3	3	13	3
S6×3c12	80, 200	6	3	4	14	4
S6×3c13	80, 200	6	3	1	15	1
S6×3c14	80, 200	6	3	2	16	2
S6×3c15	80, 200	6	3	3	17	3
S6×3c16	80, 200	6	3	4	18	4
S6×3c17	80, 200	6	3	1	19	1
S6×3c18	80, 200	6	3	2	20	2
S6×3c19	80, 200	6	3	3	21	3
S6×3c20	80, 200	6	3	4	22	4

large-scale instance	Parameter					
	[e,l]	P	Q	rou	c	d
L20×5c1 	80, 200	20	15	15	20	140
L20×5c2	80, 200	40	25	20	15	300
L20×5c3	80, 200	20	20	20	10	70
L20×5c4	80, 200	40	50	40	50	150
L20×5c5	80, 200	2000	2500	2000	1000	15000
L20×5c6	80, 200	1200	1000	2500	2000	15000
L20×5c7	80, 200	45	40	35	40	15000
L20×5c8	80, 200	25	25	25	20	10000
L20×5c9	80, 200	20	20	20	15	350
L20×5c10	80, 200	40	30	25	30	350
L20×5c11	80, 200	20	25	30	35	350
L20×5c12	80, 200	40	45	50	40	350
L20×5c13	80, 200	20	25	30	40	770
L20×5c14	80, 200	40	50	45	45	770
L20×5c15	80, 200	20	25	30	20	770
L20×5c16	80, 200	40	40	25	30	770
L20×5c17	80, 200	50	45	25	15	3034
L20×5c18	80, 200	50	60	25	50	2827
L20×5c19	80, 200	50	50	50	60	3000
L20×5c20	80, 200	50	60	50	60	3038
